listing_id,high,medium,low
7142618,0.11472504643,0.419524078864,0.465750874706
7210040,0.244770840448,0.459944071711,0.295285087841
7103890,0.0173457212924,0.100252942628,0.882401336079
7143442,0.0449550943561,0.271178111181,0.683866794463
6860601,0.0279553543162,0.215962007013,0.756082638671
6840081,0.0117154711789,0.0370289536479,0.951255575173
6922337,0.0544935174984,0.243807836891,0.701698645611
6913616,0.193854676979,0.483107629716,0.323037693304
6937820,0.146097503811,0.375019103945,0.478883392244
6893933,0.0373330231683,0.259975327162,0.70269164967
6832604,0.00721199348234,0.0261759630263,0.966612043491
6915282,0.133438100696,0.451176076659,0.415385822646
7127565,0.0667297690017,0.177500150498,0.7557700805
6827899,0.0183240305529,0.0642387062705,0.917437263177
6934855,0.00757293757718,0.0315945696357,0.960832492787
6861826,0.0356944974324,0.217267443808,0.747038058759
6871643,0.060213972784,0.292215482785,0.647570544431
6842542,0.00237052467606,0.0220851308404,0.975544344484
6934145,0.0258732428774,0.118136267749,0.855990489373
6829365,0.142859266443,0.494917668843,0.362223064713
7167858,0.0874683714702,0.280986571728,0.631545056802
6859483,0.0281920003997,0.201660337589,0.770147662011
6861377,0.0554268151464,0.270748883173,0.67382430168
6848960,0.121560052685,0.46898053916,0.409459408156
6918850,0.0399364383836,0.237616057617,0.722447503999
6916867,0.272346613618,0.432231395137,0.295421991246
6895840,0.0470477369193,0.187096518743,0.765855744338
6813539,0.456284719976,0.247846360128,0.295868919896
7116900,0.044464909429,0.324396234223,0.631138856348
6890328,0.164588345072,0.184643938582,0.650767716347
6879406,0.233719125669,0.265844201047,0.500436673284
6824924,0.0659603316194,0.298053654757,0.635986013623
6911302,0.134080303323,0.196444161825,0.669475534852
6918742,0.246885869247,0.443474315907,0.309639814846
6910586,0.0173936936936,0.121131154789,0.861475151517
6821750,0.0250794228346,0.119642921459,0.855277655707
6860647,0.0910320904488,0.407951458737,0.501016450815
6932873,0.0640797263168,0.70288273439,0.233037539293
6846053,0.0134037550772,0.0482112102101,0.938385034713
6940365,0.0459959876992,0.153286362761,0.80071764954
6931867,0.0231799174481,0.229787146944,0.747032935608
6876383,0.138404807906,0.165242529913,0.696352662181
6910980,0.154146971656,0.377544248815,0.468308779529
6880877,0.116582832202,0.32790013042,0.555517037378
6839552,0.109222137837,0.348915499544,0.541862362619
6838051,0.24508431271,0.483426275532,0.271489411758
6928201,0.769654881167,0.176832362838,0.0535127559948
6945608,0.144336808924,0.534887682382,0.320775508694
6816147,0.0881416540107,0.270591088317,0.641267257672
6868129,0.076003449089,0.341655808254,0.582340742657
6849448,0.0520752104903,0.225505742231,0.722419047279
7113677,0.134275195412,0.410798708072,0.454926096516
6930856,0.0104982302284,0.101095067429,0.888406702342
6889594,0.0851599622723,0.303718259429,0.611121778298
6842682,0.03135374693,0.122515218045,0.846131035025
6880366,0.189900376101,0.453583870263,0.356515753636
6835063,0.00817721061644,0.0204126628319,0.971410126552
6820479,0.338777316442,0.265905560919,0.395317122639
6882057,0.0265634291989,0.166531327892,0.806905242909
6834440,0.0817172891482,0.329094547479,0.589188163373
6880846,0.00200945820435,0.00855257043087,0.989437971365
6847248,0.00701561832709,0.0359364249029,0.95704795677
6868368,0.0226483440549,0.064087764087,0.913263891858
6943505,0.0547281819041,0.256262852794,0.689008965302
7174304,0.0191699223874,0.0725408298423,0.90828924777
6880747,0.0270754180986,0.12215996667,0.850764615231
6933565,0.123196294702,0.335993324932,0.540810380366
6888511,0.00306422809111,0.00975685129289,0.987178920616
6942704,0.128469195178,0.46228670626,0.409244098562
6840304,0.131200407108,0.459151930487,0.409647662405
6856860,0.018373718431,0.0872615292204,0.894364752349
6884921,0.00275605543866,0.0176344565977,0.979609487964
6937417,0.0105256516675,0.0827380640949,0.906736284238
6831129,0.00588355856926,0.0166598083093,0.977456633121
6936660,0.133029706789,0.338717576382,0.528252716829
6940667,0.0177784612501,0.0951301644843,0.887091374266
7201307,0.00988400172419,0.0197997985304,0.970316199745
6825434,0.0233683025835,0.214369954417,0.762261743
6848114,0.0821428638664,0.196142909104,0.72171422703
6947758,0.762758187936,0.162975573137,0.0742662389263
6897002,0.212283080569,0.434823782644,0.352893136786
6926661,0.00778126493089,0.0614956240979,0.930723110971
6867411,0.125231796854,0.4705860475,0.404182155646
6910154,0.0244987061297,0.175596799744,0.799904494126
7157900,0.0715588155882,0.36280247019,0.565638714222
6922324,0.0462205710119,0.331944576591,0.621834852397
6863068,0.00600675261774,0.0549484209365,0.939044826446
6912109,0.0439316982246,0.275107750709,0.680960551066
6918609,0.0385528697301,0.218296444843,0.743150685427
6889300,0.128949782769,0.395455392779,0.475594824452
6837794,0.0724877915132,0.310804989296,0.616707219191
6943098,0.335766369062,0.418211517031,0.246022113907
6927601,0.116384531938,0.315674202679,0.567941265383
6897826,0.00785475376199,0.0474285884561,0.944716657782
6882892,0.00522243609544,0.0328481505472,0.961929413357
6873384,0.4398555223,0.425720929055,0.134423548646
6934693,0.0239746443991,0.0854520626972,0.890573292904
7224450,0.0483861039599,0.282020222265,0.669593673775
6898157,0.00550953276123,0.0405293242326,0.953961143006
6837355,0.00643142062486,0.0540122246945,0.939556354681
6830595,0.198596442606,0.426610058814,0.37479349858
6943561,0.224292909999,0.488775169981,0.28693192002
6844380,0.173440347172,0.470638906976,0.355920745852
6814286,0.0215890256284,0.133219947449,0.845191026923
6898520,0.123641736837,0.483129522358,0.393228740805
6940979,0.161619817174,0.444270708872,0.394109473953
6851090,0.199934641321,0.239292039256,0.560773319423
7107169,0.0257671361323,0.206595892648,0.76763697122
6830287,0.0590558512202,0.263744587338,0.677199561442
6933575,0.180120925212,0.519442789445,0.300436285343
6938972,0.109943390753,0.298615136833,0.591441472414
6888315,0.00286552467888,0.021937944141,0.97519653118
6855106,0.0253454711464,0.209295635135,0.765358893718
6838237,0.151936408745,0.370612529263,0.477451061992
6901024,0.121873618751,0.390791378102,0.487335003147
6846627,0.0165788528457,0.0575786261632,0.925842520991
7219857,0.00254329877676,0.0204722908629,0.97698441036
6852685,0.0611487251874,0.350614344118,0.588236930695
6831610,0.0501845595158,0.444728737703,0.505086702782
6943538,0.12045258743,0.550702168471,0.328845244099
6911637,0.00292895975541,0.0112456715557,0.985825368689
6854543,0.0172336845893,0.0951248475277,0.887641467883
6940451,0.0925281344469,0.424746217611,0.482725647942
6819530,0.191504595238,0.454216172739,0.354279232023
7093396,0.049844298328,0.288833577538,0.661322124134
6840326,0.0349685126366,0.101101645647,0.863929841717
6834204,0.0155196145445,0.0657895504659,0.91869083499
6902518,0.198841868033,0.438597094944,0.362561037023
6930253,0.0211095054206,0.125768394215,0.853122100364
6828293,0.00696128506748,0.0116085638218,0.981430151111
7203744,0.80802433597,0.097742977724,0.0942326863055
6816478,0.328645927192,0.319253711783,0.352100361025
6868890,0.00910827533852,0.0623227338913,0.92856899077
6879338,0.0559596802414,0.370606384106,0.573433935652
6898532,0.0387725701739,0.275759290333,0.685468139493
6899965,0.0523412691537,0.221388765737,0.726269965109
7133875,0.00317957234105,0.0141671866962,0.982653240963
6822218,0.0527457255203,0.228590146783,0.718664127697
6814018,0.0587101074383,0.263150484072,0.67813940849
6896376,0.193020991472,0.481323933121,0.325655075407
6918670,0.0651389633247,0.326336035464,0.608525001212
6867839,0.0344797019163,0.084221942409,0.881298355675
6823554,0.0120578785792,0.0444845554977,0.943457565923
6934798,0.0187278710683,0.0606656813138,0.920606447618
6820823,0.114911504993,0.364171356841,0.520917138166
6880212,0.0302971453439,0.135484488001,0.834218366655
6934814,0.0195956080673,0.0730898476622,0.90731454427
7254134,0.0400688437131,0.133094961938,0.826836194349
6938303,0.216542776522,0.51063823816,0.272818985319
6813807,0.0796216808004,0.341700067877,0.578678251323
6878604,0.0352489075035,0.039353916,0.925397176497
6876763,0.0532381425542,0.117229455157,0.829532402289
6844352,0.0181200271656,0.173009609546,0.808870363289
6915939,0.239052142882,0.535584209483,0.225363647634
7109370,0.0437687316376,0.252770572658,0.703460695705
6855445,0.0641631009113,0.274389235259,0.66144766383
6818668,0.0889329801444,0.281464344342,0.629602675514
6836527,0.00341020210011,0.011273658252,0.985316139648
6831717,0.0279128190502,0.220044569133,0.752042611816
6937162,0.0712266902779,0.241812596799,0.686960712923
6922876,0.00892557421274,0.0480482053246,0.943026220463
7109482,0.0708804157322,0.348582195709,0.580537388559
6940972,0.0861445818578,0.351518471154,0.562336946988
6883790,0.12141471334,0.216644268638,0.661941018022
6921643,0.0491291518817,0.206562506674,0.744308341445
6935700,0.0158627500686,0.0784260887403,0.905711161191
6827025,0.0185762260045,0.134536463208,0.846887310788
6943096,0.0508554679859,0.208363320129,0.740781211885
7161468,0.0150429029246,0.0559445362548,0.929012560821
6879610,0.0508729056655,0.210254517827,0.738872576508
6935762,0.0426411790439,0.266142295106,0.69121652585
6925042,0.0133792010315,0.0875227799428,0.899098019026
7121050,0.0309528681691,0.287970794582,0.681076337249
6821601,0.106289920088,0.293827537117,0.599882542795
6926810,0.0203534883063,0.105272957588,0.874373554106
6946532,0.0160682407735,0.153728811667,0.83020294756
6875171,0.0645526962717,0.430265708541,0.505181595187
7096285,0.0926653096402,0.345167745311,0.562166945049
6812321,0.0142029845021,0.0579363051163,0.927860710382
6822697,0.0479494697379,0.0829319024948,0.869118627767
6941294,0.0165680842892,0.139505766433,0.843926149277
6873564,0.0134779086226,0.0464567605155,0.940065330862
6926791,0.0436530642523,0.339033615939,0.617313319808
7142444,0.386073881895,0.431752663798,0.182173454308
6878128,0.133693548908,0.517204668789,0.349101782303
6927428,0.0376669348894,0.239399662006,0.722933403105
6812674,0.00208465227726,0.00924828173654,0.988667065986
6881774,0.0955446052308,0.395049890436,0.509405504334
7167797,0.00872459255135,0.066656028418,0.924619379031
6865238,0.105168297927,0.407630749962,0.487200952111
6841710,0.0517901695764,0.146945646021,0.801264184402
6856334,0.0217335219926,0.0657066540676,0.91255982394
6906462,0.00754557058209,0.0812405353481,0.91121389407
6837438,0.0588306955958,0.242425915278,0.698743389126
6908277,0.172883997367,0.413703328435,0.413412674198
6841291,0.00923045600096,0.0465681483084,0.944201395691
6915178,0.237237361799,0.354710221776,0.408052416425
6893031,0.132620193313,0.513945744869,0.353434061819
6894985,0.277428719928,0.495946064664,0.226625215409
6931134,0.151352428283,0.318602060933,0.530045510784
6872264,0.292831478399,0.374958775595,0.332209746006
6816953,0.168023321657,0.387686251658,0.444290426685
7163518,0.284977100219,0.588579783653,0.126443116128
6893253,0.0331923068433,0.172669188712,0.794138504445
6943822,0.0657688018352,0.287010037692,0.647221160473
6946313,0.0193547131144,0.114029944903,0.866615341982
6839443,0.0542597123719,0.186231939678,0.75950834795
6911338,0.0589782125707,0.319402121157,0.621619666272
7223877,0.755010213536,0.192079143493,0.0529106429709
6917884,0.0298471545834,0.260024221598,0.710128623819
6823126,0.00539618604963,0.0252078131908,0.96939600076
6939488,0.0924137131803,0.173719799958,0.733866486862
7196924,0.0309630370867,0.107130414181,0.861906548733
6905685,0.0176607483441,0.193641232874,0.788698018782
6894092,0.0330112737391,0.142308366291,0.82468035997
6812181,0.0100473803142,0.0688813561994,0.921071263486
6854610,0.0288188329187,0.387731865363,0.583449301718
6873754,0.17540444885,0.411151411831,0.413444139319
6859181,0.849864946673,0.085191561309,0.064943492018
6825402,0.0113526716439,0.0758967001551,0.912750628201
6819526,0.0159243391986,0.143043960733,0.841031700069
6896065,0.0146255187609,0.103821259359,0.88155322188
6931793,0.0770744069222,0.366395767797,0.55652982528
6907360,0.0396387069739,0.166302417438,0.794058875588
6813182,0.0358259565628,0.0905878939183,0.873586149519
6823959,0.0142948156058,0.157448783482,0.828256400912
6942189,0.186035391944,0.452235875261,0.361728732795
6844384,0.0477109854034,0.186567477677,0.76572153692
6836888,0.340214970668,0.352536067366,0.307248961965
6917844,0.0175114252786,0.126287361229,0.856201213492
6937842,0.112795972162,0.536336712284,0.350867315555
6926917,0.113099263809,0.429152031683,0.457748704508
7160740,0.120832509378,0.325411576741,0.553755913881
6936310,0.0686677600314,0.219520385452,0.711811854517
6849109,0.147781523319,0.49477918932,0.357439287362
6831018,0.00164937338483,0.00858875330081,0.989761873314
6909842,0.00802700424035,0.0446051685072,0.947367827252
6861360,0.00719324902062,0.0547783617277,0.938028389252
6883414,0.06264492704,0.263469984562,0.673885088398
6876026,0.0263195577563,0.123564863052,0.850115579192
7095390,0.00196493282789,0.00745995316415,0.990575114008
6932265,0.367667223033,0.441120097119,0.191212679848
6870949,0.0468797358538,0.295092073621,0.658028190526
6831335,0.0874068849085,0.315485649871,0.59710746522
6895698,0.140478112814,0.414884015965,0.444637871221
6889889,0.0989099727739,0.286221092618,0.614868934608
6876679,0.0283088901021,0.142160378446,0.829530731452
6947097,0.17606007234,0.311105111596,0.512834816064
6874970,0.0253476775921,0.112867135944,0.861785186464
6831069,0.370370723051,0.444731158232,0.184898118717
6833628,0.0820483942464,0.260936298776,0.657015306978
6819282,0.06003511784,0.335578538237,0.604386343923
6825025,0.0357096635168,0.149298972441,0.814991364042
6856513,0.0572999477095,0.255001719161,0.687698333129
6928711,0.0025401803644,0.0144614300532,0.982998389582
6832548,0.100903908312,0.397777776436,0.501318315252
6881870,0.0354440597108,0.236019986282,0.728535954007
6866978,0.207677195445,0.551156006467,0.241166798088
7163400,0.284977100219,0.588579783653,0.126443116128
6917187,0.134360724482,0.20654867157,0.659090603948
6927475,0.0722494040479,0.290787169785,0.636963426168
6903243,0.189651705733,0.309204367863,0.501143926404
6876188,0.0226042074642,0.170355559111,0.807040233425
6922219,0.0105233486673,0.0723456914135,0.917130959919
7104085,0.00502270694788,0.0174242786738,0.977553014378
6920897,0.181445341953,0.489302885819,0.329251772229
6812177,0.0131392620896,0.0324123851999,0.954448352711
6941047,0.0581283614767,0.365630233665,0.576241404858
6827609,0.00582183815089,0.0283643757004,0.965813786149
6934328,0.0108486814277,0.0569394763388,0.932211842233
6937556,0.626155292488,0.293578458448,0.0802662490644
6879765,0.185128254866,0.570972062665,0.24389968247
6942927,0.0194482035984,0.129912382308,0.850639414093
6945170,0.0927764554471,0.325527187704,0.581696356849
6901915,0.0413715823853,0.296439440652,0.662188976962
6824475,0.0259044297555,0.152284844071,0.821810726174
6832968,0.0849884878356,0.303095922822,0.611915589342
7166718,0.00161790996851,0.00714477995709,0.991237310074
6905079,0.0159456326104,0.127680930236,0.856373437154
6940297,0.318098658888,0.447437613759,0.234463727353
6911080,0.0560828633346,0.43877281967,0.505144316995
6917208,0.0150570506947,0.0550727560265,0.929870193279
6858925,0.0594979487315,0.347572495692,0.592929555577
7169883,0.133195892827,0.48234368346,0.384460423713
6944112,0.575366208955,0.327186207047,0.0974475839981
6885816,0.0537764413258,0.208734493913,0.737489064761
6837733,0.0124718550348,0.113469325794,0.874058819172
6828658,0.0656425665353,0.24739133452,0.686966098944
6839429,0.174432666131,0.400635712824,0.424931621045
7164794,0.0638432779364,0.227973791557,0.708182930506
6837661,0.0585137953454,0.277057661612,0.664428543043
6883255,0.00861118272785,0.0846770324325,0.90671178484
6833054,0.0766849123172,0.314537306244,0.608777781439
7675463,0.0822475376758,0.302131150675,0.61562131165
6871526,0.140498435039,0.318408890959,0.541092674002
6876295,0.0469592646796,0.353701014912,0.599339720408
7204045,0.00581990396668,0.0599982050033,0.93418189103
6840357,0.0853765716854,0.359493636559,0.555129791756
6917531,0.00468334666793,0.0159968295255,0.979319823807
6886057,0.486999466068,0.261405710539,0.251594823393
6833734,0.0474384504544,0.419181279286,0.533380270259
6908098,0.0861281661762,0.442201755126,0.471670078698
6860562,0.0511226516783,0.262292063244,0.686585285077
6859167,0.160429224894,0.198107423349,0.641463351757
6812141,0.00628409642167,0.0327270812442,0.960988822334
6919431,0.00968144481661,0.0780416408511,0.912276914332
6869389,0.0291096503947,0.095574412917,0.875315936688
6906034,0.0175804607198,0.0925767189872,0.889842820293
7108495,0.00406616650311,0.0164042723685,0.979529561128
6864681,0.00295361854968,0.0264232785762,0.970623102874
6893982,0.0182023404985,0.128419967283,0.853377692218
6862160,0.069884727391,0.292268364312,0.637846908297
6854804,0.0340598331153,0.313694398711,0.652245768174
7143164,0.0296266485275,0.388661582424,0.581711769049
6936651,0.0359542492324,0.170862188119,0.793183562648
6837450,0.0225701860267,0.170418235446,0.807011578528
6908259,0.667470586126,0.256532182282,0.0759972315928
6916539,0.0596201957926,0.215784204812,0.724595599395
6947176,0.114212040639,0.254365810246,0.631422149114
6933958,0.428640585286,0.370915481393,0.20044393332
6816549,0.226352262624,0.432419784819,0.341227952557
6876117,0.00692038884221,0.0674500194037,0.925629591754
6848605,0.0554220691371,0.320117402904,0.624460527959
6840659,0.0480899316803,0.256276259194,0.695633809126
6823496,0.184792491696,0.396422262993,0.418785245311
6912609,0.00212914200214,0.00912841259012,0.988742445408
7097937,0.0101370685799,0.0611888550966,0.928674076323
6924524,0.0295764280839,0.214557846057,0.755865725859
6938236,0.101926887689,0.450825871272,0.44724724104
6865751,0.0092712325811,0.0317273617624,0.959001405656
6936323,0.00782175682177,0.0587468323963,0.933431410782
6868422,0.113505766372,0.398171810175,0.488322423453
7210133,0.0818268041579,0.319528329847,0.598644865995
7215631,0.0335795150303,0.160889792057,0.805530692913
6940189,0.0348868019458,0.196631198483,0.768481999571
6888941,0.00425288278167,0.0426620780401,0.953085039178
6831598,0.121001427664,0.357246345389,0.521752226947
6939963,0.0178319332376,0.124228675247,0.857939391515
6897175,0.140298678538,0.431541978412,0.42815934305
6816167,0.0836671872976,0.25102486504,0.665307947662
6812965,0.0236834039901,0.141421959813,0.834894636196
7149372,0.295079576176,0.534328913566,0.170591510258
6875959,0.0106366928475,0.0526555733937,0.936707733759
6925644,0.0752951896784,0.410467257037,0.514237553284
6874269,0.101665941016,0.37822819276,0.520105866224
6814721,0.0248974803955,0.131127491016,0.843975028589
6922432,0.0435142178014,0.270570058411,0.685915723787
6858861,0.0224632815668,0.11149682137,0.866039897063
6835339,0.00488643968981,0.0132559258263,0.981857634484
6896997,0.166477248656,0.363940019545,0.469582731799
6921134,0.00544378586078,0.0163486352971,0.978207578842
6883685,0.14785071194,0.505587520189,0.346561767871
6911406,0.00187448728373,0.00957985789916,0.988545654817
6825733,0.726712021489,0.165100174351,0.10818780416
6884462,0.16679762271,0.478048408491,0.355153968799
6858682,0.0216455948288,0.111972892259,0.866381512912
6894013,0.0811789414753,0.390873182145,0.527947876379
6856391,0.233768590625,0.371097487917,0.395133921458
6828064,0.00385527849983,0.0236501897411,0.972494531759
6817336,0.00128312700994,0.00849280329529,0.990224069695
6819178,0.0491424407295,0.247223407047,0.703634152224
7147339,0.190285293623,0.48759967529,0.322115031087
6887757,0.23628060998,0.46917247059,0.29454691943
6946859,0.060834611456,0.291828628527,0.647336760017
6855963,0.0663568961312,0.180986569682,0.752656534187
6839828,0.0818424374701,0.463512982619,0.454644579911
6870806,0.119083268098,0.43272194537,0.448194786532
6880221,0.0835924304625,0.204878208591,0.711529360947
6921809,0.0597617664546,0.280250120082,0.659988113464
6897069,0.106411509288,0.356495368315,0.537093122398
6897157,0.251451769497,0.47508586207,0.273462368433
6898912,0.0292587746168,0.131402233658,0.839338991725
6856271,0.0410484290108,0.302665283907,0.656286287082
6888381,0.00583019445729,0.0157368367972,0.978432968746
7099191,0.0209090064745,0.0444403045847,0.934650688941
6917882,0.120361564264,0.421725544968,0.457912890768
6931260,0.00107197375653,0.00744979798621,0.991478228257
6849996,0.133483189411,0.356083570519,0.51043324007
6887973,0.075699839475,0.41054392038,0.513756240145
6850205,0.151818065453,0.474081918521,0.374100016026
6845657,0.341397347222,0.499221454546,0.159381198232
6930302,0.0143015044233,0.0958831432591,0.889815352318
6852391,0.0775818060151,0.328400049005,0.59401814498
6920411,0.28606509148,0.38374086096,0.33019404756
6907999,0.0210028299076,0.161862235124,0.817134934968
6864094,0.026067078685,0.147181409452,0.826751511863
6813852,0.0383937864964,0.197835978343,0.763770235161
7232295,0.189009928922,0.460905916805,0.350084154272
6896558,0.104905152844,0.412236311274,0.482858535882
6858919,0.0711791814051,0.32625778244,0.602563036154
6847828,0.0394326182196,0.207965396508,0.752601985273
6925116,0.0546322189301,0.277432195741,0.667935585329
6854687,0.0668829985894,0.258636622256,0.674480379155
6946415,0.0631555189113,0.554501629867,0.382342851222
6827859,0.00211069653252,0.00947626880302,0.988413034664
6884313,0.44050751871,0.446548525338,0.112943955952
6848651,0.0301722842092,0.221477622038,0.748350093753
7136298,0.0292437866302,0.207183741726,0.763572471643
6874534,0.0623214942269,0.293339589017,0.644338916756
6908942,0.352863131121,0.453765880861,0.193370988018
6894718,0.00340912055239,0.0238170498086,0.972773829639
6876449,0.12483852964,0.317178342657,0.557983127703
6825630,0.145791549681,0.474312560388,0.379895889931
7155655,0.0285759860161,0.154270740853,0.817153273131
7201310,0.0443371779014,0.224192956047,0.731469866052
6864334,0.0116949120259,0.0801763999697,0.908128688004
6876658,0.0169112826538,0.13600013146,0.847088585886
6842370,0.096189437615,0.2966864127,0.607124149685
6835467,0.398364508606,0.415477326586,0.186158164808
7227368,0.101624847472,0.300750658119,0.597624494409
6859482,0.0563971341813,0.28098561371,0.662617252108
6878641,0.0328167449304,0.220962446753,0.746220808317
6869916,0.000919854826307,0.00429118543768,0.994788959736
6841060,0.0619917289434,0.286849693159,0.651158577898
6887832,0.0230017017665,0.235850626298,0.741147671936
6905898,0.00618136742488,0.029030274614,0.964788357961
7104742,0.116425945045,0.551850159352,0.331723895603
6948090,0.0733129054865,0.346638581323,0.58004851319
6839851,0.110295600103,0.500909228397,0.3887951715
6934051,0.0239449186258,0.106385887636,0.869669193738
6888727,0.143891568914,0.489021450726,0.36708698036
7167478,0.0235874297934,0.10580571141,0.870606858797
6892109,0.203097331284,0.462710621353,0.334192047364
6908544,0.502650195043,0.320696158516,0.176653646441
6921725,0.0706194679768,0.245791187248,0.683589344775
6932343,0.0867917414428,0.382160945999,0.531047312558
6914309,0.0117146395098,0.0389731318731,0.949312228617
6919805,0.0723963285986,0.267901064587,0.659702606815
6947828,0.0886246526334,0.24303317865,0.668342168717
6920362,0.0788009208745,0.335500521956,0.585698557169
7110179,0.539575966567,0.316176664075,0.144247369358
6877834,0.226776693065,0.337488467254,0.435734839681
6876966,0.135523438833,0.363172996104,0.501303565064
6823918,0.0203524673624,0.0910304000299,0.888617132608
6871243,0.0123838780654,0.106522285556,0.881093836378
6928189,0.195163443222,0.42389297223,0.380943584548
6852455,0.0919015839238,0.263829937062,0.644268479015
7208631,0.0242625603072,0.187201544752,0.78853589494
6831811,0.254187441941,0.549779032227,0.196033525832
6904276,0.00819702740021,0.0319241326195,0.95987883998
6831589,0.132762089193,0.29476885623,0.572469054577
6901814,0.0306775916513,0.147771712545,0.821550695803
6854667,0.820816432384,0.105841378515,0.0733421891007
7192650,0.00888437588106,0.0273520702014,0.963763553917
6836299,0.014218948238,0.0494133696843,0.936367682078
6887919,0.0154032130831,0.0923538376561,0.892242949261
6927679,0.115728346277,0.465627830797,0.418643822926
6855908,0.0790292104249,0.281261795349,0.639708994226
6854766,0.018274968228,0.118144893968,0.863580137804
6847472,0.0521408833929,0.205567306125,0.742291810482
6862519,0.11675804584,0.312459480725,0.570782473435
6938819,0.367364375834,0.38008248091,0.252553143256
6945434,0.0718955682652,0.385010151555,0.543094280179
6832722,0.707089444207,0.162493977009,0.130416578784
6852707,0.0154086413741,0.105173140989,0.879418217636
7177680,0.0319071844692,0.168194486856,0.799898328674
6834945,0.0297654392206,0.0536354674126,0.916599093367
6890316,0.0237889746342,0.186134620989,0.790076404377
6816620,0.00697327714337,0.0357956437942,0.957231079062
6945175,0.00792371969141,0.0498536173642,0.942222662944
6914016,0.0111756283043,0.0652220550544,0.923602316641
6852619,0.0610498882294,0.361464960713,0.577485151058
6813211,0.133973597973,0.369209952345,0.496816449682
6820546,0.0284435516132,0.179529144837,0.79202730355
6836128,0.0179200064748,0.0454922827161,0.936587710809
6850557,0.212086352025,0.461960907764,0.325952740211
6864997,0.0920049990167,0.0676159532875,0.840379047696
6883705,0.0148262093288,0.0504018298684,0.934771960803
6898767,0.0222993128647,0.131637846907,0.846062840228
6866020,0.0140650982525,0.138243806765,0.847691094982
7126382,0.614435474617,0.271319502187,0.114245023197
6847427,0.163066482933,0.402311752528,0.434621764539
6841013,0.0501138136039,0.155883750328,0.794002436068
6909469,0.00583019445729,0.0157368367972,0.978432968746
6922473,0.0196902984382,0.138648633122,0.84166106844
6925906,0.0437678903083,0.239005453292,0.717226656399
6946014,0.0615222861808,0.371804665415,0.566673048404
6820739,0.0197264329352,0.184909816323,0.795363750742
6927559,0.199969362667,0.483964058477,0.316066578855
7174772,0.00654579479131,0.0379304809757,0.955523724233
6931036,0.0230981717881,0.199040173756,0.777861654456
6918163,0.0410805436872,0.260258067434,0.698661388879
6893604,0.110488787555,0.272927314468,0.616583897977
6868844,0.0595804159303,0.311832550888,0.628587033181
6814537,0.398534018148,0.257458071818,0.344007910033
6916118,0.0138464028738,0.0374691122244,0.948684484902
6838509,0.0827797967198,0.417701645095,0.499518558185
6919725,0.35718779579,0.40308549457,0.23972670964
6932476,0.00985104996772,0.0173122204741,0.972836729558
6860496,0.104223772971,0.351896448406,0.543879778623
7156799,0.0455093677407,0.423233466235,0.531257166024
6837521,0.0186823331953,0.1069011975,0.874416469305
6913204,0.0803089227064,0.297626107606,0.622064969687
6947516,0.0988316850271,0.349987548543,0.55118076643
6838117,0.0242209650438,0.131543709204,0.844235325752
6933366,0.0605765751606,0.237769791287,0.701653633552
7134198,0.0328623650716,0.194588126923,0.772549508005
6898450,0.0585847960259,0.328581979605,0.612833224369
6819926,0.014803504195,0.0705871097772,0.914609386028
6947698,0.0578775037692,0.231613605569,0.710508890662
6838721,0.0185342159586,0.0422982613252,0.939167522716
6936661,0.099665584643,0.430789119197,0.46954529616
6912257,0.0271069112207,0.25276079461,0.72013229417
6905569,0.00932201526734,0.0552241799115,0.935453804821
6927167,0.160062799906,0.478936674629,0.361000525465
7150689,0.0430200975713,0.0631806328303,0.893799269598
6820358,0.0435008727036,0.217346122515,0.739153004781
6945045,0.0596551633276,0.290827824224,0.649517012449
6866884,0.0436738840663,0.127234430601,0.829091685333
6820658,0.07173327078,0.273914762035,0.654351967185
6826462,0.0792708758853,0.296776714476,0.623952409639
6932390,0.130428697871,0.378440780701,0.491130521428
6905031,0.129338638358,0.52387298816,0.346788373482
6923011,0.0419709196623,0.178746784546,0.779282295792
6908504,0.237702431227,0.482309193031,0.279988375742
6881050,0.126154139608,0.15537667199,0.718469188401
6892968,0.0147682815042,0.105417387876,0.87981433062
7346996,0.253637525912,0.453254184407,0.293108289681
6876206,0.0215794197782,0.186538152681,0.791882427541
6813475,0.0646993869552,0.26305639228,0.672244220765
7190057,0.0581143639494,0.11844005063,0.82344558542
6838465,0.265516489689,0.37244458109,0.362038929221
6899364,0.0565574817734,0.205303986573,0.738138531654
6891616,0.00172301115902,0.00759874488471,0.990678243956
6836715,0.00600262561753,0.0565170042215,0.937480370161
6829616,0.0195755905383,0.148527806618,0.831896602844
6829144,0.0516727057345,0.284277466453,0.664049827812
6893064,0.0194529763677,0.175986316379,0.804560707253
6861300,0.0122562752434,0.0855542984253,0.902189426331
6926847,0.0967906638089,0.403378355155,0.499830981036
6894021,0.00801081567455,0.0706027739789,0.921386410347
6897946,0.0189102102782,0.0503954264047,0.930694363317
6835716,0.0172784388608,0.12965557273,0.853065988409
6832160,0.322686163548,0.516599054162,0.16071478229
6835291,0.0495190285475,0.208242207281,0.742238764171
6945184,0.00772535166449,0.07030259814,0.921972050196
7140488,0.0529771661041,0.332615926798,0.614406907098
6937850,0.0940955031493,0.429706609405,0.476197887445
6899603,0.0161916173066,0.10194911169,0.881859271004
6903105,0.232727153596,0.44328417896,0.323988667444
6828476,0.0156261128928,0.10741622021,0.876957666897
6835098,0.0244537218715,0.0620266070055,0.913519671123
6830512,0.0512659505656,0.233996638153,0.714737411281
6879997,0.0696921720855,0.215603134115,0.7147046938
7131517,0.0399744773416,0.313310620957,0.646714901702
6835955,0.0868450335689,0.474789844662,0.438365121769
6875250,0.0515243735231,0.216000652252,0.732474974225
6932794,0.104881946269,0.388689768121,0.506428285609
6948263,0.0403856842659,0.174420918465,0.785193397269
6867201,0.323463675949,0.396402374632,0.280133949419
6882748,0.104870583339,0.212928370783,0.682201045877
6902842,0.0958820358227,0.20512318732,0.698994776857
6847535,0.0412121723286,0.269096637061,0.68969119061
6825267,0.0294659142791,0.173120746895,0.797413338826
6909277,0.00377261757827,0.02603830693,0.970189075492
7152429,0.289885178708,0.503657487998,0.206457333294
6931179,0.00388832704702,0.034881229757,0.961230443196
6896746,0.198445519624,0.606383745854,0.195170734523
6937073,0.0126500118025,0.0598406786099,0.927509309588
6934627,0.002139230166,0.00844101677855,0.989419753055
6887878,0.153219550151,0.372211552969,0.47456889688
6921531,0.0579256819236,0.210285455126,0.731788862951
6897461,0.0148186232752,0.0486223428851,0.93655903384
6862066,0.0780664419825,0.34067523642,0.581258321598
6851531,0.155387634944,0.407452795615,0.437159569441
6928550,0.0210903491631,0.0872346991323,0.891674951705
6945851,0.0293055493889,0.230645695218,0.740048755394
6946955,0.00883901971959,0.0290502076376,0.962110772643
6869136,0.177530798638,0.557271122868,0.265198078494
6908667,0.0968382800373,0.391866476364,0.511295243599
6820525,0.0290202330129,0.191084241407,0.77989552558
6887970,0.123145099455,0.440076106834,0.436778793711
6848365,0.0482282381228,0.2609427162,0.690829045677
6816173,0.0309132294112,0.110244297516,0.858842473073
6900732,0.00790607133219,0.0241438118346,0.967950116833
6815786,0.0983909895215,0.444014766164,0.457594244314
6945972,0.13251010183,0.414487679087,0.453002219083
6848445,0.0184227157586,0.112647670768,0.868929613474
6856486,0.191060598677,0.341606427467,0.467332973857
6867010,0.0327816576468,0.263732253992,0.703486088361
6828257,0.0952101589772,0.152775096795,0.752014744228
6871807,0.0516881123963,0.290305685616,0.658006201987
7212966,0.000542268646498,0.00320128858375,0.99625644277
6889959,0.0526228599695,0.193684236827,0.753692903204
6915510,0.0150666136605,0.103334648669,0.881598737671
6905402,0.0118514564954,0.119041354821,0.869107188684
6826100,0.076827242865,0.504488643399,0.418684113736
6848893,0.03437333194,0.171108573528,0.794518094532
7155647,0.192837945228,0.308659756995,0.498502297777
6812883,0.141773914904,0.439008777439,0.419217307657
6866095,0.0157197765796,0.149102181506,0.835178041914
6931127,0.012153438833,0.0806944416183,0.907152119549
6829407,0.0141436365694,0.104162145463,0.881694217967
6867548,0.355092497747,0.510395935521,0.134511566732
7132575,0.0503634807933,0.30669231709,0.642944202117
6890847,0.100800313005,0.308170350957,0.591029336038
6916429,0.0852173432256,0.0762563896807,0.838526267094
6884716,0.725507497041,0.21164526885,0.0628472341091
6896897,0.506177806407,0.365294048282,0.128528145311
6941572,0.0718165061798,0.301223002946,0.626960490875
6945277,0.155146825309,0.423112019319,0.421741155371
7133293,0.019839611105,0.0983919559224,0.881768432973
7213385,0.004625987654,0.0239828670453,0.971391145301
6831928,0.0611157566689,0.295604253558,0.643279989773
6932687,0.0306025346118,0.153893555646,0.815503909742
6873877,0.0441082857851,0.215155122487,0.740736591728
7135459,0.0940104373097,0.387737630989,0.518251931701
6876620,0.0109975714549,0.067820004311,0.921182424234
6936163,0.0150470695394,0.0701128766609,0.9148400538
6912398,0.127553658217,0.258934286829,0.613512054954
6917655,0.011356722542,0.0403982121837,0.948245065274
6941149,0.0262812323261,0.186968011321,0.786750756353
6941378,0.0322018520909,0.215535842777,0.752262305132
6882453,0.0194469934255,0.153049946229,0.827503060345
7119160,0.0366036416996,0.16543876219,0.79795759611
6868451,0.0630036620227,0.287855717986,0.649140619992
6945881,0.0417391302796,0.254043116766,0.704217752955
6822541,0.0339272899653,0.119570537435,0.8465021726
6884355,0.153928924148,0.410944096544,0.435126979308
7132247,0.0731600828454,0.312699594353,0.614140322801
6872049,0.0750406773744,0.477105444635,0.447853877991
6890740,0.00908731206837,0.0640752969918,0.92683739094
6840897,0.145060272206,0.349153280677,0.505786447116
6847694,0.0271427422845,0.15401384073,0.818843416986
6938196,0.0189609229278,0.182979409232,0.79805966784
6939526,0.0308951567132,0.12998001158,0.839124831707
6917529,0.006219159491,0.0187647464366,0.975016094072
6885636,0.0147146495949,0.068919656609,0.916365693796
7202614,0.00272585988177,0.0146958263707,0.982578313748
6926453,0.134782303779,0.450822618421,0.414395077801
6844636,0.104726967085,0.389809023454,0.505464009462
6879293,0.43135749056,0.348211322271,0.220431187169
6924780,0.0933759858754,0.267353646313,0.639270367811
6881024,0.026804373354,0.0473066495255,0.92588897712
6851374,0.127067744636,0.366907422971,0.506024832393
6850953,0.0214730667485,0.101278487318,0.877248445933
6892292,0.0149944937318,0.0993401423424,0.885665363926
6886159,0.00888697745851,0.0610519384493,0.930061084092
6849877,0.15265741119,0.36671607816,0.480626510649
6940840,0.0221504172921,0.124795761813,0.853053820895
6926838,0.0646231819297,0.368156887408,0.567219930663
6879243,0.192734991738,0.528001903896,0.279263104366
6944286,0.0799444948405,0.152062651326,0.767992853834
6915587,0.317817137795,0.4558040915,0.226378770705
6881904,0.0570475409429,0.245745158429,0.697207300628
7154358,0.134352148848,0.393300039486,0.472347811666
6899258,0.0123958545247,0.0907129645216,0.896891180954
6855460,0.159523856833,0.593930237399,0.246545905767
6864884,0.0215600828912,0.148476954381,0.829962962727
6868209,0.12115731933,0.428146725136,0.450695955534
6853834,0.0377290226861,0.25249003111,0.709780946204
7210020,0.165233924162,0.445521694902,0.389244380936
6933228,0.0401097583573,0.187788573042,0.7721016686
6929227,0.0764638484207,0.289446035814,0.634090115766
7192346,0.142782942957,0.379412027894,0.477805029149
6928834,0.00629875115211,0.0488871523638,0.944814096484
6812269,0.00722570859657,0.0339950019579,0.958779289445
6851446,0.0309293770649,0.230570866563,0.738499756373
6930820,0.00487784689797,0.0494829184976,0.945639234604
6875310,0.0537613757343,0.307829487508,0.638409136757
6932397,0.0881852942189,0.46050996068,0.451304745102
6904291,0.00737642704191,0.0258001295434,0.966823443415
6921642,0.0876543576583,0.471083693176,0.441261949165
7136057,0.111542687428,0.298107339843,0.590349972729
6920815,0.0183518721719,0.0724945095405,0.909153618288
6861757,0.179836973544,0.683371849963,0.136791176493
6934222,0.46342258936,0.344679297707,0.191898112933
6946448,0.0875164605236,0.161405322763,0.751078216713
6890569,0.0621551998834,0.186924369608,0.750920430508
6884477,0.0464073470286,0.348176150739,0.605416502232
7145006,0.00304873933812,0.0295723003703,0.967378960292
6893718,0.00876994486905,0.032807708084,0.958422347047
6893330,0.042849573373,0.192317968611,0.764832458016
6901780,0.00790228343004,0.0276346815656,0.964463035004
6815738,0.139266403736,0.484512102812,0.376221493452
6917209,0.0232273171013,0.0814010810318,0.895371601867
6904227,0.00678165765372,0.0396678438834,0.953550498463
6894402,0.00438646291543,0.0236667360867,0.971946800998
7146083,0.0748745547793,0.319724893345,0.605400551876
6902153,0.0179945342249,0.0931016659309,0.888903799844
6925988,0.0344840101294,0.213434864608,0.752081125262
6881323,0.00130285882062,0.00644191576333,0.992255225416
6937405,0.238540061071,0.38982778533,0.371632153599
7098390,0.102317262948,0.458536464398,0.439146272654
6935942,0.100647287763,0.378497603739,0.520855108497
6833510,0.0594175911973,0.362488337385,0.578094071418
6812857,0.0807154352568,0.229036922855,0.690247641888
6828441,0.187014440684,0.382242688954,0.430742870362
6915711,0.315343990672,0.484685968282,0.199970041046
6880643,0.240140060367,0.224991709097,0.534868230536
7224930,0.0623837054305,0.292103944781,0.645512349789
6852614,0.00906704035696,0.0559398324545,0.934993127188
6853816,0.0699458970558,0.265115579092,0.664938523852
6811964,0.157535454099,0.308175482571,0.53428906333
6847800,0.00724825018387,0.0660515821567,0.926700167659
6859897,0.0711309616102,0.403989820312,0.524879218078
6882929,0.0100121877056,0.0558327877814,0.934155024513
7157584,0.026181926415,0.146853386596,0.826964686989
6863444,0.0183551108243,0.0502672651201,0.931377624056
6836902,0.00453566147618,0.0348003621845,0.960663976339
6918960,0.0935864985206,0.341426206618,0.564987294862
6882854,0.0527199894624,0.335231887757,0.61204812278
6822755,0.00331252541031,0.0136455046822,0.983041969907
6815184,0.144374015996,0.340982000389,0.514643983614
6846582,0.0138380171442,0.0537358560936,0.932426126762
6940309,0.0133074656949,0.0802466028171,0.906445931488
6924056,0.00989397819251,0.0786444434174,0.91146157839
6824481,0.0104889469021,0.120450812961,0.869060240137
6839735,0.0079614519058,0.0575534775227,0.934485070571
6900130,0.0291161696331,0.246583555774,0.724300274593
6946739,0.00791132320978,0.0470436923592,0.945044984431
7144008,0.0271780025108,0.170627301786,0.802194695703
6863751,0.00896239617563,0.0529451636744,0.93809244015
6820293,0.0517041231858,0.399328235206,0.548967641608
6818472,0.0103214105946,0.117333170147,0.872345419258
6832420,0.0312928287626,0.148719919869,0.819987251368
6879450,0.00860757560316,0.0195821109022,0.971810313495
6943618,0.0303460790665,0.17712560685,0.792528314084
6883463,0.0457571045982,0.180721014482,0.77352188092
6834919,0.219697226486,0.454487474102,0.325815299412
7505696,0.0447009505376,0.177455587032,0.777843462431
6903645,0.0144903264857,0.0715106114762,0.913999062038
6831148,0.369086694331,0.321908433546,0.309004872122
6828948,0.0573500432478,0.225463166294,0.717186790459
6878495,0.0272242047812,0.158839158303,0.813936636916
6924862,0.00703846235711,0.061552925529,0.931408612114
6887802,0.0381804603249,0.212563163352,0.749256376323
6903228,0.69905308749,0.186957692631,0.113989219878
6947415,0.000836411458093,0.00479129600309,0.994372292539
6941508,0.226591569605,0.40083569285,0.372572737545
6856111,0.0304331048826,0.319918558349,0.649648336769
7126808,0.0292379766008,0.202492868109,0.76826915529
6939857,0.00894416096306,0.0749949391604,0.916060899877
6822528,0.184577026629,0.472209030282,0.343213943089
6947631,0.125599645023,0.466990730005,0.407409624971
6887810,0.0177672400493,0.156954823815,0.825277936136
6849210,0.0514876422173,0.207600277441,0.740912080342
6901742,0.00377671645244,0.0373503263827,0.958872957165
6850925,0.171886110797,0.439703391781,0.388410497422
7181995,0.245348544631,0.390136001198,0.36451545417
6841559,0.00244803986124,0.0127430787252,0.984808881414
6822957,0.0255835300906,0.102577679381,0.871838790529
